feature_weights: 
- surface_area: -317.79075611632203
- compactness: -1303.6812032556472
- volume: -62.687294985121106
- diameter: -152.70488648079944
- eccentricity: -2766.319887351074
- rectangularity: -58.33360130866355
- A3: -10.858404101835053
- D1: -17.586064890370473
- D2: -10.606783009335377
- D3: -28.35758719917543
- D4: -19.02277353030694

[-317.79075611632203, -1303.6812032556472, -62.687294985121106, -152.70488648079944, -2766.319887351074, -58.33360130866355, -10.858404101835053, -17.586064890370473, -10.606783009335377, -28.35758719917543, -19.02277353030694]